3.084635416666666741e-01
3.446614583333332815e-01
4.361979166666666297e-01
4.733072916666666852e-01
4.385416666666667185e-01
4.921875000000000000e-01
4.993489583333333148e-01
5.132812499999999112e-01
5.330729166666665630e-01
5.503906250000000222e-01
5.154947916666665630e-01
4.903645833333333259e-01
5.364583333333332593e-01
5.554687499999999556e-01
5.136718750000000000e-01
5.247395833333332593e-01
5.375000000000000888e-01
5.615885416666667185e-01
5.945312499999999556e-01
5.690104166666666297e-01
5.665364583333333259e-01
5.486979166666666741e-01
5.765624999999998668e-01
5.645833333333333259e-01
5.455729166666667407e-01
5.701822916666665630e-01
5.548177083333334370e-01
5.916666666666666741e-01
5.729166666666667407e-01
5.570312499999999778e-01
5.761718750000000000e-01
6.078125000000000888e-01
5.526041666666666741e-01
5.657552083333332593e-01
5.540364583333332593e-01
5.971354166666666963e-01
5.684895833333333259e-01
5.756510416666666963e-01
5.680989583333333481e-01
5.446614583333333481e-01
5.673177083333333925e-01
5.729166666666667407e-01
5.531250000000000888e-01
5.407552083333333481e-01
5.868489583333333925e-01
5.529947916666666519e-01
5.653645833333332815e-01
5.776041666666668073e-01
5.438802083333332815e-01
5.700520833333333481e-01
