2.162760416666666408e-01
2.587239583333333370e-01
3.029947916666666519e-01
2.640624999999999778e-01
2.854166666666667074e-01
2.869791666666666741e-01
2.869791666666666741e-01
3.032552083333333037e-01
2.734375000000000000e-01
3.203124999999998890e-01
2.761718750000000111e-01
3.321614583333333259e-01
3.011718749999999778e-01
3.170572916666666297e-01
3.110677083333333592e-01
3.141927083333333481e-01
2.955729166666666297e-01
3.098958333333333148e-01
2.963541666666666963e-01
3.130208333333333037e-01
2.971354166666666519e-01
2.832031250000000000e-01
2.951822916666666519e-01
2.930989583333333259e-01
3.403645833333333592e-01
3.130208333333333592e-01
3.089843750000000333e-01
3.279947916666666741e-01
2.783854166666666630e-01
2.927083333333332926e-01
3.545572916666666075e-01
3.371093749999999889e-01
3.085937500000000000e-01
3.378906250000000000e-01
3.161458333333333481e-01
3.097656249999999334e-01
3.375000000000000222e-01
3.113281250000000111e-01
3.125000000000000000e-01
3.458333333333333259e-01
3.454427083333333481e-01
3.121093750000000222e-01
3.386718749999999556e-01
3.117187499999999889e-01
2.791666666666666741e-01
3.180989583333332926e-01
3.307291666666666297e-01
3.200520833333333481e-01
3.037760416666667185e-01
3.149739583333333037e-01
