3.635416666666666519e-01
3.938802083333333148e-01
3.942708333333332926e-01
3.889322916666665964e-01
4.307291666666667185e-01
4.936197916666665853e-01
4.826822916666667074e-01
4.929687500000000111e-01
5.217447916666666519e-01
5.359374999999999556e-01
5.664062500000000000e-01
4.710937499999999778e-01
5.106770833333332815e-01
5.563802083333333481e-01
5.253906250000000000e-01
5.138020833333333259e-01
5.781250000000000000e-01
5.817708333333333481e-01
5.209635416666665853e-01
5.644531250000001110e-01
5.430989583333333259e-01
5.315104166666666519e-01
5.152343750000000222e-01
5.743489583333334370e-01
5.462239583333333703e-01
5.528645833333334370e-01
5.691406250000000666e-01
5.412760416666666519e-01
5.623697916666665630e-01
5.769531249999999556e-01
5.761718750000000000e-01
6.005208333333333925e-01
5.929687500000000444e-01
5.234375000000000000e-01
5.600260416666665853e-01
5.393229166666666519e-01
5.738281250000000222e-01
5.720052083333333481e-01
5.809895833333333925e-01
5.674479166666667185e-01
5.850260416666668295e-01
5.654947916666668295e-01
5.714843750000000444e-01
5.569010416666666519e-01
5.437500000000000666e-01
5.838541666666666741e-01
5.858072916666666741e-01
5.406250000000000222e-01
5.121093749999998668e-01
5.513020833333334147e-01
