3.910156249999999778e-01
4.164062499999999778e-01
4.554687499999999778e-01
5.210937500000000222e-01
5.777343750000000222e-01
6.046875000000000444e-01
5.144531249999999556e-01
5.636718750000000444e-01
5.710937499999999556e-01
5.949218750000000444e-01
6.046875000000000444e-01
5.417968749999999556e-01
5.992187500000000222e-01
5.589843749999999778e-01
5.914062500000000222e-01
6.253906249999999778e-01
6.414062499999999556e-01
6.062499999999999556e-01
6.066406250000000444e-01
6.421875000000000222e-01
5.605468750000000000e-01
6.195312499999999778e-01
5.765624999999999778e-01
5.761718750000000000e-01
6.132812500000000000e-01
6.371093749999999778e-01
6.207031250000000222e-01
6.007812500000000444e-01
5.757812500000000222e-01
6.218749999999999556e-01
6.035156250000000000e-01
6.484375000000000000e-01
5.917968750000000000e-01
6.437500000000000444e-01
6.019531249999999778e-01
6.058593749999999778e-01
6.511718749999999556e-01
6.550781249999999556e-01
6.226562500000000222e-01
6.484375000000000000e-01
6.285156250000000222e-01
6.105468750000000444e-01
6.242187500000000444e-01
5.656250000000000444e-01
6.121093749999999556e-01
6.160156249999999556e-01
6.394531249999999556e-01
6.097656249999999778e-01
6.183593750000000444e-01
6.589843749999999556e-01
