3.531250000000000222e-01
3.699218749999999556e-01
4.423177083333332260e-01
4.257812500000000000e-01
4.736979166666666075e-01
4.906249999999999778e-01
5.575520833333332815e-01
4.919270833333334036e-01
4.960937500000000000e-01
5.242187499999999556e-01
5.240885416666667407e-01
5.295572916666666519e-01
5.550781249999999778e-01
5.398437499999999556e-01
5.408854166666666741e-01
6.175781249999999778e-01
5.563802083333333481e-01
5.475260416666667407e-01
5.697916666666666963e-01
5.610677083333331927e-01
5.444010416666666963e-01
5.940104166666666519e-01
5.514322916666666297e-01
5.911458333333332593e-01
6.157552083333334147e-01
6.097656249999999778e-01
5.287760416666665853e-01
5.766927083333333037e-01
5.787760416666667407e-01
5.861979166666666519e-01
5.671874999999999556e-01
5.597656250000000444e-01
6.117187500000000888e-01
5.946614583333332815e-01
5.890625000000000444e-01
5.700520833333333481e-01
6.039062499999999778e-01
5.955729166666665630e-01
5.657552083333333703e-01
5.966145833333332815e-01
5.736979166666666963e-01
5.518229166666667185e-01
5.683593750000000000e-01
6.248697916666666741e-01
5.891927083333332593e-01
5.845052083333333037e-01
5.776041666666666963e-01
5.881510416666666519e-01
5.744791666666666519e-01
5.740885416666666741e-01
