5.256510416666666519e-01
6.955729166666666519e-01
6.639322916666666741e-01
7.334635416666666075e-01
7.238281249999999334e-01
7.971354166666666519e-01
7.834635416666666519e-01
7.976562500000000666e-01
8.162760416666665630e-01
7.963541666666666963e-01
8.380208333333334370e-01
8.177083333333333703e-01
8.268229166666666297e-01
8.082031250000000222e-01
7.973958333333334147e-01
7.847656250000001332e-01
8.276041666666665853e-01
8.093749999999999556e-01
8.109374999999999778e-01
8.208333333333331927e-01
8.196614583333333703e-01
8.260416666666667851e-01
8.434895833333333481e-01
8.375000000000000222e-01
7.847656250000001332e-01
8.339843750000000000e-01
8.281250000000000000e-01
8.110677083333334147e-01
8.246093749999999778e-01
8.204427083333334370e-01
8.173177083333331705e-01
8.197916666666668073e-01
7.891927083333333259e-01
8.229166666666666297e-01
8.138020833333333703e-01
7.785156250000000444e-01
8.075520833333331705e-01
7.725260416666667185e-01
8.046875000000000000e-01
8.135416666666668295e-01
8.010416666666667629e-01
8.027343750000000000e-01
8.376302083333332371e-01
8.190104166666667407e-01
7.967447916666667851e-01
7.730468750000000222e-01
7.869791666666666741e-01
8.044270833333333481e-01
7.984375000000000222e-01
8.102864583333332371e-01
