3.010416666666666519e-01
4.104166666666665964e-01
4.204427083333333037e-01
4.061197916666666741e-01
4.602864583333333148e-01
4.834635416666666075e-01
4.884114583333333259e-01
5.386718750000000222e-01
5.302083333333332815e-01
5.535156249999999556e-01
5.776041666666666963e-01
5.557291666666666075e-01
5.604166666666665630e-01
5.414062500000000888e-01
5.579427083333332593e-01
5.524739583333333481e-01
6.166666666666666963e-01
5.575520833333333925e-01
5.292968750000000000e-01
5.583333333333333481e-01
5.765625000000000888e-01
5.440104166666668295e-01
5.630208333333333037e-01
6.097656249999998668e-01
5.585937500000000000e-01
5.789062499999999556e-01
5.919270833333334370e-01
5.613281249999999556e-01
5.669270833333333037e-01
5.541666666666665853e-01
5.846354166666667407e-01
5.906249999999999556e-01
5.882812499999999778e-01
5.822916666666666519e-01
5.811197916666667185e-01
6.283854166666668073e-01
5.652343749999999556e-01
5.580729166666666963e-01
5.774739583333332593e-01
5.826822916666667407e-01
5.699218750000000222e-01
5.768229166666667407e-01
6.065104166666666075e-01
5.365885416666665853e-01
5.669270833333333037e-01
5.716145833333332593e-01
5.683593749999998890e-01
5.869791666666667185e-01
5.964843750000000666e-01
6.013020833333333481e-01
