3.161458333333333481e-01
4.333333333333332926e-01
4.446614583333333148e-01
4.455729166666667074e-01
4.640624999999999889e-01
5.003906249999999778e-01
4.677083333333332815e-01
4.826822916666665964e-01
5.377604166666667407e-01
5.139322916666666519e-01
5.733072916666667185e-01
5.638020833333333703e-01
5.946614583333333925e-01
5.421875000000000444e-01
5.460937500000000444e-01
5.544270833333333481e-01
5.734375000000000444e-01
5.916666666666666741e-01
5.579427083333333703e-01
5.864583333333334147e-01
5.657552083333333703e-01
5.333333333333333259e-01
5.729166666666666297e-01
5.761718750000000000e-01
5.765625000000000888e-01
5.796875000000001332e-01
5.566406249999998890e-01
5.690104166666666297e-01
5.494791666666667407e-01
5.800781250000000000e-01
5.391927083333333259e-01
5.856770833333333481e-01
5.800781249999998890e-01
5.967447916666667185e-01
5.614583333333332815e-01
5.653645833333332815e-01
5.757812500000000222e-01
5.804687499999998668e-01
5.694010416666667185e-01
6.182291666666666075e-01
5.535156250000000666e-01
5.722656250000000000e-01
5.511718749999999778e-01
5.451822916666666519e-01
5.614583333333332815e-01
5.761718750000001110e-01
5.841145833333334370e-01
5.790364583333333925e-01
5.891927083333333703e-01
5.397135416666667407e-01
