4.389322916666665853e-01
6.584635416666666519e-01
6.437500000000000444e-01
7.395833333333333703e-01
7.735677083333333259e-01
7.709635416666666963e-01
7.919270833333332815e-01
7.747395833333332593e-01
7.947916666666667851e-01
7.968750000000000000e-01
7.951822916666666519e-01
8.082031250000000222e-01
8.125000000000000000e-01
8.375000000000000222e-01
8.256510416666668073e-01
8.234375000000000444e-01
8.135416666666668295e-01
8.441406249999999778e-01
8.611979166666667851e-01
8.393229166666665853e-01
8.210937499999999556e-01
8.207031249999999778e-01
8.273437500000000444e-01
8.131510416666666297e-01
8.222656250000000000e-01
8.278645833333333481e-01
8.024739583333332371e-01
7.988281250000000000e-01
8.199218749999998002e-01
8.414062500000000222e-01
8.210937499999999556e-01
8.402343749999999778e-01
8.148437499999999778e-01
8.203125000000000000e-01
8.191406249999999556e-01
8.227864583333331927e-01
7.708333333333333703e-01
8.220052083333333481e-01
8.572916666666665630e-01
8.187499999999999778e-01
8.274739583333333703e-01
8.082031250000000222e-01
8.144531250000000000e-01
8.167968749999999778e-01
8.216145833333332593e-01
8.477864583333334370e-01
8.117187500000000444e-01
7.787760416666668073e-01
8.434895833333332371e-01
8.454427083333332371e-01
