2.960937499999999889e-01
4.164062499999999778e-01
4.074218749999999889e-01
4.113281249999999889e-01
5.054687500000000222e-01
4.859375000000000222e-01
5.464843750000000222e-01
5.492187499999999778e-01
5.078125000000000000e-01
6.132812500000000000e-01
5.242187499999999556e-01
6.152343750000000000e-01
5.554687499999999556e-01
6.277343749999999556e-01
5.832031250000000444e-01
5.816406250000000222e-01
6.144531250000000444e-01
5.816406250000000222e-01
5.863281249999999778e-01
6.226562500000000222e-01
6.367187500000000000e-01
6.027343750000000444e-01
5.828124999999999556e-01
6.011718750000000222e-01
6.183593750000000444e-01
6.183593750000000444e-01
6.621093750000000000e-01
6.371093749999999778e-01
6.480468750000000222e-01
6.359375000000000444e-01
6.144531250000000444e-01
6.285156250000000222e-01
6.441406250000000222e-01
6.054687500000000000e-01
6.652343750000000444e-01
6.562500000000000000e-01
6.437500000000000444e-01
6.441406250000000222e-01
5.968750000000000444e-01
6.476562500000000444e-01
6.191406250000000000e-01
6.464843750000000000e-01
6.609374999999999556e-01
6.601562500000000000e-01
5.792968750000000444e-01
6.265625000000000222e-01
6.421875000000000222e-01
6.246093750000000222e-01
6.468749999999999778e-01
6.605468749999999778e-01
