5.496093749999999556e-01
6.778645833333334370e-01
7.072916666666666519e-01
7.196614583333333925e-01
7.468749999999999556e-01
7.546874999999999556e-01
7.919270833333332815e-01
8.223958333333332149e-01
7.964843750000000222e-01
8.337239583333333481e-01
7.829427083333333481e-01
7.864583333333333703e-01
7.765625000000000444e-01
7.971354166666666519e-01
7.923177083333333703e-01
8.058593750000000444e-01
7.967447916666665630e-01
8.035156249999999556e-01
7.845052083333332593e-01
8.098958333333332593e-01
8.229166666666667407e-01
8.114583333333331705e-01
8.015624999999999556e-01
7.980468750000000444e-01
7.796874999999999778e-01
8.091145833333334147e-01
8.042968750000000222e-01
8.178385416666668073e-01
8.296875000000000222e-01
7.563802083333331927e-01
7.821614583333333925e-01
7.988281250000000000e-01
8.091145833333334147e-01
7.852864583333333259e-01
7.947916666666666741e-01
7.996093749999999556e-01
7.940104166666667185e-01
7.662760416666667407e-01
7.916666666666667407e-01
7.860677083333333925e-01
7.936197916666667407e-01
7.876302083333333037e-01
8.242187500000000000e-01
7.817708333333334147e-01
8.019531250000000444e-01
8.048177083333332149e-01
7.889322916666666741e-01
7.714843750000001110e-01
7.988281250000000000e-01
7.996093749999999556e-01
