5.019531250000000000e-01
6.601562499999998890e-01
7.208333333333334370e-01
7.473958333333332593e-01
7.548177083333332815e-01
7.800781249999999556e-01
7.756510416666667629e-01
8.121093750000000222e-01
7.718750000000000888e-01
7.821614583333333925e-01
7.873697916666666519e-01
7.868489583333333481e-01
7.951822916666666519e-01
8.217447916666665853e-01
7.975260416666667407e-01
8.130208333333331927e-01
8.169270833333334147e-01
8.118489583333333703e-01
8.138020833333332593e-01
8.260416666666665630e-01
8.054687499999999556e-01
8.114583333333333925e-01
8.225260416666667629e-01
8.230468749999999556e-01
7.880208333333333925e-01
7.940104166666667185e-01
7.869791666666665630e-01
8.209635416666667407e-01
7.837239583333331927e-01
8.011718749999999778e-01
8.110677083333334147e-01
8.011718749999999778e-01
8.050781249999999778e-01
7.999999999999999334e-01
7.769531250000001332e-01
7.889322916666667851e-01
7.841145833333333925e-01
8.170572916666666297e-01
7.845052083333333703e-01
8.286458333333334147e-01
8.154947916666666075e-01
8.154947916666668295e-01
8.167968749999999778e-01
8.191406249999999556e-01
7.897135416666666297e-01
7.619791666666666519e-01
7.794270833333334370e-01
7.805989583333332593e-01
8.020833333333333703e-01
8.342447916666667629e-01
