4.049479166666666297e-01
6.022135416666666297e-01
6.760416666666666519e-01
7.148437500000001110e-01
7.308593749999998668e-01
7.386718750000000888e-01
7.660156249999998668e-01
7.484374999999999778e-01
7.789062500000001332e-01
7.546874999999999556e-01
7.990885416666666519e-01
8.205729166666667629e-01
7.776041666666666519e-01
7.787760416666668073e-01
7.708333333333332593e-01
7.954427083333334147e-01
8.132812499999999556e-01
7.747395833333333703e-01
7.981770833333333703e-01
8.040364583333332593e-01
8.072916666666666297e-01
7.904947916666666963e-01
8.052083333333331927e-01
7.825520833333333703e-01
8.071614583333334147e-01
8.067708333333334370e-01
7.516927083333333481e-01
7.858072916666667407e-01
8.210937499999999556e-01
8.040364583333332593e-01
7.834635416666666519e-01
8.020833333333332593e-01
8.179687500000000222e-01
7.964843750000000222e-01
8.187499999999999778e-01
7.552083333333333703e-01
7.898437499999999556e-01
7.910156250000000000e-01
7.679687499999999778e-01
7.842447916666667185e-01
7.604166666666667407e-01
7.615885416666666741e-01
8.037760416666666075e-01
7.783854166666666075e-01
7.929687500000000000e-01
7.933593749999999778e-01
7.770833333333333481e-01
7.623697916666667407e-01
7.664062500000000666e-01
7.997395833333333925e-01
