3.162760416666666741e-01
3.916666666666666630e-01
4.393229166666666186e-01
4.735677083333332815e-01
5.470052083333333259e-01
5.388020833333333481e-01
5.704427083333333259e-01
5.440104166666666075e-01
5.502604166666666963e-01
5.727864583333331927e-01
6.139322916666666297e-01
5.903645833333334147e-01
6.652343749999999334e-01
6.501302083333333481e-01
6.160156249999999556e-01
6.274739583333333037e-01
6.300781250000000444e-01
6.684895833333334147e-01
6.843749999999999556e-01
6.028645833333332593e-01
6.401041666666666963e-01
6.821614583333334147e-01
6.436197916666667185e-01
7.019531250000000666e-01
6.820312499999998668e-01
6.983072916666667185e-01
6.677083333333333481e-01
6.936197916666666519e-01
6.665364583333333037e-01
6.316406249999999556e-01
6.605468750000000888e-01
6.546874999999999778e-01
6.632812500000000444e-01
6.725260416666667407e-01
6.864583333333333925e-01
6.907552083333332593e-01
6.713541666666665853e-01
6.733072916666664742e-01
7.033854166666666519e-01
6.779947916666666519e-01
6.403645833333333481e-01
6.781249999999999778e-01
7.039062499999999556e-01
6.804687500000000666e-01
6.316406249999999556e-01
6.644531249999999778e-01
7.089843750000000000e-01
6.919270833333333037e-01
6.851562500000001332e-01
7.101562500000000444e-01
