3.371093749999999889e-01
4.074218749999999889e-01
4.757812499999999889e-01
4.625000000000000222e-01
4.886718749999999778e-01
4.960937500000000000e-01
5.535156249999999556e-01
4.890625000000000111e-01
5.703125000000000000e-01
5.859375000000000000e-01
6.175781249999999778e-01
6.007812500000000444e-01
5.976562500000000000e-01
6.132812500000000000e-01
5.675781250000000444e-01
5.523437500000000222e-01
5.843749999999999778e-01
6.273437499999999778e-01
6.148437500000000222e-01
6.203125000000000444e-01
6.253906249999999778e-01
6.023437499999999556e-01
5.875000000000000222e-01
6.835937500000000000e-01
6.195312499999999778e-01
6.617187500000000222e-01
6.152343750000000000e-01
6.238281249999999556e-01
6.355468749999999556e-01
6.656250000000000222e-01
6.367187500000000000e-01
5.843749999999999778e-01
6.386718750000000000e-01
5.898437500000000000e-01
6.636718750000000222e-01
6.371093749999999778e-01
6.214843749999999778e-01
6.449218749999999778e-01
5.968750000000000444e-01
6.113281250000000000e-01
6.203125000000000444e-01
6.183593750000000444e-01
5.886718749999999556e-01
6.429687499999999778e-01
6.027343750000000444e-01
5.937500000000000000e-01
5.707031249999999778e-01
6.429687499999999778e-01
6.070312500000000222e-01
6.261718750000000444e-01
