2.436197916666666963e-01
2.567708333333333370e-01
2.669270833333333148e-01
2.925781250000000222e-01
2.540364583333333259e-01
2.885416666666666408e-01
3.214843749999999889e-01
3.147135416666667074e-01
3.135416666666666630e-01
2.916666666666666297e-01
2.841145833333333370e-01
2.928385416666666741e-01
2.773437499999999445e-01
3.242187499999999445e-01
3.019531250000000444e-01
2.988281250000000000e-01
3.091145833333333592e-01
3.019531249999999889e-01
2.682291666666666297e-01
3.579427083333333592e-01
3.130208333333333037e-01
2.690104166666666408e-01
2.976562500000000111e-01
3.147135416666666519e-01
3.356770833333333481e-01
3.091145833333334147e-01
3.170572916666666297e-01
3.066406250000000000e-01
3.153645833333332815e-01
3.201822916666666741e-01
2.955729166666666852e-01
3.399739583333333259e-01
3.153645833333333370e-01
3.126302083333333259e-01
2.888020833333332926e-01
3.289062499999999556e-01
3.292968749999999889e-01
2.927083333333333481e-01
3.177083333333333703e-01
3.347656249999999556e-01
2.966145833333332926e-01
3.165364583333333259e-01
2.915364583333333592e-01
3.335937500000000222e-01
3.645833333333333148e-01
3.296875000000000222e-01
3.145833333333333259e-01
3.475260416666666741e-01
3.253906249999999334e-01
3.161458333333333481e-01
