3.289062500000000111e-01
3.626302083333333703e-01
4.376302083333333259e-01
4.618489583333333925e-01
4.976562500000000222e-01
4.502604166666667185e-01
5.239583333333333037e-01
5.404947916666666963e-01
5.332031250000000000e-01
5.320312499999999556e-01
5.696614583333332593e-01
5.124999999999999556e-01
5.807291666666667407e-01
5.540364583333333703e-01
5.524739583333333481e-01
5.722656250000000000e-01
5.328125000000000222e-01
5.463541666666665853e-01
5.567708333333333259e-01
5.595052083333333925e-01
5.781250000000000000e-01
5.531249999999999778e-01
5.593750000000000666e-01
5.427083333333333481e-01
5.283854166666667185e-01
5.753906250000000444e-01
5.821614583333332149e-01
5.483072916666665853e-01
5.794270833333333703e-01
5.927083333333332815e-01
5.710937499999999556e-01
5.674479166666666075e-01
5.329427083333333481e-01
5.936197916666666741e-01
5.528645833333333259e-01
5.440104166666668295e-01
5.749999999999999556e-01
5.381510416666666075e-01
5.591145833333333037e-01
5.615885416666666075e-01
5.815104166666666963e-01
5.463541666666665853e-01
5.825520833333333037e-01
6.131510416666666741e-01
5.548177083333334370e-01
5.554687499999999556e-01
5.574218749999999556e-01
5.746093749999999778e-01
5.622395833333333481e-01
5.707031249999999778e-01
