3.180989583333333481e-01
4.433593750000000000e-01
4.423177083333332815e-01
4.808593749999999778e-01
4.833333333333332815e-01
4.884114583333333259e-01
5.411458333333333259e-01
5.287760416666666963e-01
5.182291666666667407e-01
5.725260416666666519e-01
5.295572916666666519e-01
5.200520833333333037e-01
5.338541666666667407e-01
5.571614583333334147e-01
5.908854166666666075e-01
5.725260416666666519e-01
6.019531249999999778e-01
5.649739583333334147e-01
5.458333333333332815e-01
5.549479166666667629e-01
5.874999999999999112e-01
5.800781250000000000e-01
6.161458333333333925e-01
5.729166666666666297e-01
5.645833333333333259e-01
5.809895833333332815e-01
5.420572916666667185e-01
6.084635416666666075e-01
5.333333333333333259e-01
5.373697916666666519e-01
5.610677083333333037e-01
5.654947916666666075e-01
5.722656249999998890e-01
5.433593749999999778e-01
5.544270833333333481e-01
5.710937499999999556e-01
5.441406250000000444e-01
5.373697916666666519e-01
5.643229166666666741e-01
5.726562500000000888e-01
5.466145833333333481e-01
5.688802083333334147e-01
5.416666666666667407e-01
5.203124999999999556e-01
5.759114583333333481e-01
5.773437500000000444e-01
5.766927083333334147e-01
5.584635416666665630e-01
5.834635416666666963e-01
5.421875000000000444e-01
