5.709635416666666297e-01
6.954427083333333259e-01
7.608072916666666075e-01
7.330729166666667407e-01
7.501302083333333259e-01
7.709635416666666963e-01
7.979166666666667185e-01
7.914062500000000888e-01
7.902343750000000444e-01
8.179687500000000222e-01
7.959635416666667185e-01
7.805989583333332593e-01
7.782552083333333925e-01
8.091145833333334147e-01
7.967447916666665630e-01
8.190104166666666297e-01
8.035156249999999556e-01
8.138020833333333703e-01
8.236979166666665853e-01
8.444010416666666297e-01
8.066406250000000000e-01
7.924479166666668073e-01
8.015624999999999556e-01
7.994791666666666297e-01
7.606770833333333925e-01
7.908854166666665630e-01
7.817708333333333037e-01
7.805989583333333703e-01
7.674479166666665630e-01
7.864583333333333703e-01
7.610677083333332593e-01
7.889322916666667851e-01
8.079427083333332593e-01
8.075520833333333925e-01
7.376302083333333703e-01
8.059895833333333703e-01
8.028645833333332149e-01
7.944010416666665853e-01
8.059895833333333703e-01
7.575520833333333481e-01
8.052083333333331927e-01
7.854166666666666519e-01
8.055989583333333925e-01
8.048177083333334370e-01
8.154947916666668295e-01
7.757812499999999778e-01
8.195312500000000444e-01
7.662760416666667407e-01
7.701822916666667407e-01
7.988281250000001110e-01
