3.882812500000000222e-01
4.929687500000000111e-01
5.890625000000000444e-01
5.699218750000000222e-01
5.281249999999999556e-01
5.234375000000000000e-01
6.011718750000000222e-01
5.804687499999999778e-01
6.070312500000000222e-01
5.968750000000000444e-01
5.933593750000000222e-01
5.949218750000000444e-01
6.167968750000000222e-01
6.363281250000000222e-01
5.996093750000000000e-01
6.019531249999999778e-01
6.175781249999999778e-01
6.167968750000000222e-01
6.566406249999999778e-01
6.101562499999999556e-01
6.089843750000000222e-01
6.214843749999999778e-01
6.605468749999999778e-01
6.335937499999999556e-01
6.679687500000000000e-01
6.624999999999999778e-01
5.863281249999999778e-01
6.617187500000000222e-01
6.753906250000000222e-01
6.554687500000000444e-01
6.402343750000000222e-01
5.710937499999999556e-01
6.710937500000000444e-01
6.300781250000000444e-01
6.667968749999999556e-01
6.085937500000000444e-01
6.570312499999999556e-01
6.343750000000000222e-01
6.550781249999999556e-01
6.074218750000000000e-01
6.554687500000000444e-01
6.324218750000000222e-01
6.574218750000000444e-01
6.304687500000000222e-01
6.699218750000000000e-01
6.648437499999999556e-01
6.800781249999999778e-01
5.945312499999999556e-01
6.082031249999999556e-01
6.808593750000000444e-01
