3.687500000000000222e-01
4.894531249999999889e-01
4.882812500000000000e-01
5.570312499999999778e-01
5.253906250000000000e-01
5.511718749999999778e-01
5.085937499999999556e-01
6.417968750000000444e-01
5.707031249999999778e-01
5.523437500000000222e-01
6.472656249999999556e-01
6.167968750000000222e-01
6.429687499999999778e-01
5.835937500000000222e-01
6.101562499999999556e-01
6.511718749999999556e-01
6.160156249999999556e-01
6.335937499999999556e-01
6.203125000000000444e-01
6.402343750000000222e-01
5.820312500000000000e-01
6.347656250000000000e-01
6.394531249999999556e-01
6.628906249999999556e-01
6.082031249999999556e-01
6.449218749999999778e-01
6.472656249999999556e-01
6.503906250000000000e-01
6.328125000000000000e-01
6.042968749999999556e-01
6.644531249999999778e-01
6.156249999999999778e-01
5.765624999999999778e-01
6.539062500000000222e-01
6.773437500000000222e-01
6.125000000000000444e-01
6.441406250000000222e-01
6.515625000000000444e-01
6.632812500000000444e-01
6.535156250000000444e-01
6.523437500000000000e-01
6.183593750000000444e-01
6.121093749999999556e-01
6.644531249999999778e-01
5.828124999999999556e-01
6.628906249999999556e-01
6.480468750000000222e-01
6.503906250000000000e-01
6.394531249999999556e-01
6.464843750000000000e-01
