5.002604166666666519e-01
6.378906249999999334e-01
7.139322916666667185e-01
7.553385416666666963e-01
7.766927083333332593e-01
7.817708333333333037e-01
7.916666666666667407e-01
7.867187500000000222e-01
7.942708333333332593e-01
7.473958333333332593e-01
7.588541666666667185e-01
7.885416666666666963e-01
7.682291666666666297e-01
8.000000000000000444e-01
8.091145833333335258e-01
8.222656250000000000e-01
7.800781249999999556e-01
8.170572916666667407e-01
8.079427083333332593e-01
8.145833333333334370e-01
7.927083333333333481e-01
8.503906249999999556e-01
8.166666666666667629e-01
8.078125000000000444e-01
7.963541666666666963e-01
7.924479166666665853e-01
8.154947916666668295e-01
8.015624999999999556e-01
7.562499999999999778e-01
8.079427083333333703e-01
7.967447916666665630e-01
8.186197916666666519e-01
8.313802083333332593e-01
8.213541666666668295e-01
7.992187499999999778e-01
8.182291666666667851e-01
8.249999999999999556e-01
8.102864583333333481e-01
8.023437500000000222e-01
7.865885416666666963e-01
8.274739583333333703e-01
7.908854166666666741e-01
8.166666666666667629e-01
8.098958333333333703e-01
7.790364583333333481e-01
7.824218750000000444e-01
8.042968750000000222e-01
8.023437500000000222e-01
8.063802083333332371e-01
7.901041666666668295e-01
