6.169270833333333481e-01
7.080729166666666075e-01
7.296875000000000444e-01
7.494791666666668073e-01
7.559895833333333259e-01
7.526041666666666297e-01
7.750000000000000222e-01
7.783854166666666075e-01
7.770833333333333481e-01
7.812500000000000000e-01
7.848958333333332371e-01
7.755208333333333259e-01
7.942708333333332593e-01
7.945312500000000222e-01
7.838541666666667407e-01
7.773437500000001110e-01
7.854166666666666519e-01
7.848958333333333481e-01
7.861979166666667185e-01
7.893229166666666519e-01
7.893229166666666519e-01
7.841145833333333925e-01
7.895833333333333037e-01
7.924479166666665853e-01
7.765625000000000444e-01
7.901041666666667185e-01
7.919270833333333925e-01
7.867187500000000222e-01
7.872395833333334370e-01
7.867187500000001332e-01
7.880208333333332815e-01
7.890625000000001110e-01
7.781249999999999556e-01
7.937499999999999556e-01
7.874999999999999778e-01
7.869791666666665630e-01
7.916666666666666297e-01
7.882812500000000444e-01
7.820312499999999556e-01
7.830729166666666741e-01
7.921875000000000444e-01
7.898437499999999556e-01
7.908854166666667851e-01
7.921875000000000444e-01
7.835937499999999778e-01
7.838541666666667407e-01
7.757812499999999778e-01
7.856770833333333037e-01
7.742187500000000666e-01
7.856770833333334147e-01
