6.421875000000001332e-01
7.716145833333333259e-01
7.908854166666666741e-01
8.162760416666667851e-01
8.343749999999999778e-01
8.382812499999999778e-01
8.386718749999999556e-01
8.386718749999999556e-01
8.457031250000000000e-01
8.615885416666667629e-01
8.628906250000000222e-01
8.502604166666666297e-01
8.575520833333332149e-01
8.540364583333331927e-01
8.541666666666667407e-01
8.553385416666667851e-01
8.522135416666666297e-01
8.634114583333334370e-01
8.574218750000000000e-01
8.523437499999999556e-01
8.561197916666667407e-01
8.554687500000000000e-01
8.552083333333333481e-01
8.513020833333332371e-01
8.518229166666667629e-01
8.498697916666666519e-01
8.566406250000000444e-01
8.523437499999999556e-01
8.544270833333333925e-01
8.519531249999999778e-01
8.486979166666668295e-01
8.516927083333332149e-01
8.436197916666667851e-01
8.460937499999999778e-01
8.408854166666668295e-01
8.587239583333333703e-01
8.583333333333331705e-01
8.457031250000000000e-01
8.480468749999999778e-01
8.434895833333332371e-01
8.548177083333332593e-01
8.488281250000000444e-01
8.475260416666665630e-01
8.436197916666667851e-01
8.509114583333333703e-01
8.450520833333332593e-01
8.511718750000000222e-01
8.494791666666667851e-01
8.473958333333332371e-01
8.412760416666665853e-01
