7.026041666666666963e-01
7.851562499999998890e-01
8.088541666666666519e-01
8.256510416666668073e-01
8.296875000000000222e-01
8.347656249999999556e-01
8.449218750000000444e-01
8.514322916666667851e-01
8.522135416666666297e-01
8.563802083333331705e-01
8.557291666666666519e-01
8.531250000000000222e-01
8.466145833333333925e-01
8.533854166666667851e-01
8.621093749999999556e-01
8.661458333333333925e-01
8.623697916666666075e-01
8.578124999999999778e-01
8.621093749999999556e-01
8.627604166666668073e-01
8.531250000000000222e-01
8.555989583333334370e-01
8.640624999999999556e-01
8.567708333333332593e-01
8.604166666666668295e-01
8.520833333333334147e-01
8.614583333333334370e-01
8.723958333333332593e-01
8.610677083333332371e-01
8.671875000000000000e-01
8.555989583333332149e-01
8.519531249999999778e-01
8.532552083333333481e-01
8.498697916666667629e-01
8.509114583333333703e-01
8.540364583333331927e-01
8.619791666666667407e-01
8.593750000000000000e-01
8.567708333333332593e-01
8.553385416666667851e-01
8.619791666666667407e-01
8.578124999999999778e-01
8.630208333333332371e-01
8.600260416666666297e-01
8.570312500000000222e-01
8.587239583333332593e-01
8.497395833333332149e-01
8.515625000000000000e-01
8.499999999999999778e-01
8.555989583333334370e-01
