7.113281249999999778e-01
7.799479166666666297e-01
8.126302083333334370e-01
8.341145833333332149e-01
8.238281250000000222e-01
8.419270833333334370e-01
8.429687500000000444e-01
8.468750000000000444e-01
8.455729166666667851e-01
8.541666666666667407e-01
8.528645833333333703e-01
8.559895833333334147e-01
8.520833333333331927e-01
8.462239583333331927e-01
8.350260416666666075e-01
8.489583333333332593e-01
8.510416666666668073e-01
8.423177083333331927e-01
8.466145833333333925e-01
8.511718750000000222e-01
8.472656250000000222e-01
8.485677083333333925e-01
8.412760416666668073e-01
8.424479166666667407e-01
8.382812499999999778e-01
8.416666666666667851e-01
8.373697916666668073e-01
8.419270833333332149e-01
8.367187499999999556e-01
8.377604166666667851e-01
8.407552083333331705e-01
8.304687499999999778e-01
8.408854166666668295e-01
8.350260416666666075e-01
8.320312500000000000e-01
8.368489583333331705e-01
8.424479166666666297e-01
8.388020833333331705e-01
8.386718749999999556e-01
8.455729166666665630e-01
8.402343749999999778e-01
8.378906250000000000e-01
8.376302083333333481e-01
8.470052083333332593e-01
8.385416666666667407e-01
8.364583333333331927e-01
8.367187499999999556e-01
8.492187500000000222e-01
8.384114583333331927e-01
8.291666666666668295e-01
