5.322916666666666075e-01
7.111979166666666519e-01
7.411458333333332815e-01
7.597656250000001110e-01
7.700520833333334147e-01
7.906250000000001332e-01
8.013020833333334147e-01
7.953124999999999778e-01
8.040364583333332593e-01
8.076822916666666075e-01
8.105468750000000000e-01
8.039062500000000444e-01
8.199218750000000222e-01
8.117187500000000444e-01
8.177083333333332593e-01
8.221354166666665630e-01
8.173177083333333925e-01
8.313802083333333703e-01
8.225260416666666519e-01
8.260416666666665630e-01
8.235677083333332593e-01
8.223958333333332149e-01
8.295572916666668073e-01
8.199218750000000222e-01
8.243489583333332149e-01
8.195312500000000444e-01
8.147135416666667629e-01
8.296875000000000222e-01
8.183593750000000000e-01
8.266927083333331927e-01
8.222656250000000000e-01
8.287760416666666297e-01
8.256510416666668073e-01
8.233072916666668295e-01
8.239583333333332371e-01
8.200520833333333481e-01
8.302083333333334370e-01
8.251302083333333925e-01
8.279947916666665630e-01
8.167968749999999778e-01
8.242187500000000000e-01
8.238281250000000222e-01
8.199218750000000222e-01
8.190104166666666297e-01
8.246093749999999778e-01
8.239583333333333481e-01
8.194010416666668295e-01
8.192708333333333925e-01
8.240885416666665630e-01
8.092447916666667407e-01
