4.742187499999999112e-01
6.557291666666666963e-01
7.166666666666666741e-01
7.372395833333333925e-01
7.424479166666666519e-01
7.598958333333333259e-01
7.674479166666666741e-01
7.713541666666666741e-01
7.770833333333333481e-01
7.812500000000000000e-01
7.817708333333334147e-01
7.804687500000000444e-01
7.932291666666666519e-01
7.882812500000000444e-01
7.867187499999999112e-01
7.856770833333333037e-01
7.848958333333333481e-01
7.888020833333333481e-01
7.791666666666665630e-01
7.822916666666666075e-01
7.921875000000001554e-01
7.817708333333333037e-01
7.874999999999999778e-01
7.783854166666666075e-01
7.859374999999999556e-01
7.807291666666665853e-01
7.749999999999999112e-01
7.835937499999999778e-01
7.726562500000000444e-01
7.744791666666667185e-01
7.794270833333334370e-01
7.861979166666667185e-01
7.789062500000000222e-01
7.781249999999999556e-01
7.830729166666666741e-01
7.669270833333333703e-01
7.796874999999999778e-01
7.721354166666667407e-01
7.789062499999999112e-01
7.822916666666667185e-01
7.783854166666667185e-01
7.773437499999998890e-01
7.750000000000001332e-01
7.778645833333333037e-01
7.757812499999999778e-01
7.752604166666665630e-01
7.739583333333333037e-01
7.802083333333332815e-01
7.768229166666665853e-01
7.757812499999999778e-01
