6.596354166666665853e-01
7.468749999999999556e-01
7.688802083333333703e-01
7.824218750000000444e-01
7.906250000000001332e-01
8.097656250000000444e-01
8.166666666666666519e-01
8.213541666666666075e-01
8.196614583333333703e-01
8.164062500000000000e-01
8.188802083333334147e-01
8.141927083333333481e-01
8.186197916666666519e-01
8.277343750000000222e-01
8.143229166666667851e-01
8.320312500000000000e-01
8.369791666666666075e-01
8.291666666666668295e-01
8.317708333333333481e-01
8.268229166666667407e-01
8.289062499999999556e-01
8.397135416666667851e-01
8.321614583333334370e-01
8.307291666666667407e-01
8.286458333333331927e-01
8.309895833333333925e-01
8.359375000000000000e-01
8.227864583333334147e-01
8.438802083333334370e-01
8.364583333333334147e-01
8.394531250000000222e-01
8.328124999999999556e-01
8.320312500000000000e-01
8.326822916666667407e-01
8.390625000000000444e-01
8.361979166666667629e-01
8.376302083333333481e-01
8.348958333333333925e-01
8.252604166666666075e-01
8.184895833333332149e-01
8.303385416666667629e-01
8.292968750000000444e-01
8.404947916666666297e-01
8.256510416666668073e-01
8.272135416666666075e-01
8.296875000000000222e-01
8.307291666666666297e-01
8.351562500000000444e-01
8.407552083333331705e-01
8.289062499999999556e-01
