6.618489583333333481e-01
7.783854166666667185e-01
7.930989583333333259e-01
8.140625000000000222e-01
8.256510416666665853e-01
8.247395833333334147e-01
8.376302083333332371e-01
8.386718749999999556e-01
8.417968750000000000e-01
8.472656250000000222e-01
8.515625000000000000e-01
8.477864583333332149e-01
8.499999999999999778e-01
8.545572916666668295e-01
8.462239583333334147e-01
8.475260416666665630e-01
8.578124999999999778e-01
8.510416666666668073e-01
8.707031250000000222e-01
8.614583333333332149e-01
8.515625000000000000e-01
8.572916666666667851e-01
8.596354166666666519e-01
8.548177083333332593e-01
8.535156250000000000e-01
8.527343750000000444e-01
8.621093749999999556e-01
8.488281250000000444e-01
8.622395833333333925e-01
8.528645833333332593e-01
8.574218750000000000e-01
8.550781250000000222e-01
8.529947916666668073e-01
8.527343750000000444e-01
8.563802083333331705e-01
8.523437499999999556e-01
8.466145833333331705e-01
8.490885416666665853e-01
8.489583333333333703e-01
8.542968749999999556e-01
8.526041666666668295e-01
8.485677083333333925e-01
8.535156250000000000e-01
8.481770833333331927e-01
8.558593749999999778e-01
8.459635416666667629e-01
8.510416666666668073e-01
8.425781249999999556e-01
8.548177083333333703e-01
8.407552083333331705e-01
