6.183593750000000444e-01
7.253906249999999556e-01
7.544270833333333037e-01
7.796875000000000888e-01
7.869791666666666741e-01
7.998697916666666075e-01
8.106770833333334370e-01
8.200520833333332371e-01
8.201822916666665630e-01
8.246093749999999778e-01
8.207031249999999778e-01
8.305989583333331927e-01
8.223958333333334370e-01
8.204427083333334370e-01
8.329427083333333925e-01
8.369791666666666075e-01
8.294270833333332593e-01
8.375000000000000222e-01
8.304687499999999778e-01
8.328124999999999556e-01
8.259114583333332371e-01
8.291666666666666075e-01
8.287760416666667407e-01
8.268229166666666297e-01
8.278645833333332371e-01
8.381510416666666519e-01
8.282552083333332149e-01
8.266927083333331927e-01
8.308593749999999556e-01
8.272135416666666075e-01
8.269531249999999556e-01
8.367187499999999556e-01
8.239583333333332371e-01
8.302083333333334370e-01
8.322916666666667629e-01
8.298177083333333481e-01
8.324218749999999778e-01
8.355468750000000222e-01
8.264322916666666519e-01
8.337239583333333481e-01
8.286458333333334147e-01
8.290364583333333925e-01
8.351562499999998224e-01
8.376302083333332371e-01
8.364583333333331927e-01
8.333333333333332593e-01
8.247395833333334147e-01
8.305989583333331927e-01
8.276041666666668073e-01
8.256510416666668073e-01
