6.962239583333333925e-01
7.710937500000000222e-01
8.058593750000000444e-01
8.088541666666667629e-01
8.242187500000000000e-01
8.359375000000000000e-01
8.460937499999999778e-01
8.416666666666667851e-01
8.444010416666666297e-01
8.552083333333333481e-01
8.588541666666668073e-01
8.532552083333332371e-01
8.498697916666667629e-01
8.497395833333334370e-01
8.533854166666667851e-01
8.546875000000000444e-01
8.532552083333333481e-01
8.575520833333332149e-01
8.529947916666668073e-01
8.483072916666667407e-01
8.548177083333333703e-01
8.536458333333334370e-01
8.514322916666667851e-01
8.477864583333332149e-01
8.454427083333332371e-01
8.542968749999999556e-01
8.566406250000000444e-01
8.493489583333332371e-01
8.527343750000000444e-01
8.552083333333332371e-01
8.570312500000000222e-01
8.576822916666666519e-01
8.540364583333331927e-01
8.540364583333331927e-01
8.471354166666665853e-01
8.511718750000000222e-01
8.493489583333332371e-01
8.472656250000000222e-01
8.475260416666667851e-01
8.463541666666667407e-01
8.462239583333334147e-01
8.423177083333331927e-01
8.496093750000000000e-01
8.434895833333332371e-01
8.579427083333331927e-01
8.488281250000000444e-01
8.559895833333331927e-01
8.473958333333333481e-01
8.497395833333332149e-01
8.501302083333331927e-01
