7.102864583333332593e-01
7.824218749999999334e-01
8.102864583333332371e-01
8.152343749999999556e-01
8.278645833333332371e-01
8.328124999999999556e-01
8.402343749999999778e-01
8.441406249999999778e-01
8.470052083333333703e-01
8.540364583333331927e-01
8.498697916666666519e-01
8.483072916666666297e-01
8.494791666666667851e-01
8.434895833333332371e-01
8.514322916666667851e-01
8.514322916666665630e-01
8.502604166666666297e-01
8.518229166666666519e-01
8.511718750000000222e-01
8.545572916666668295e-01
8.582031249999999556e-01
8.558593749999999778e-01
8.545572916666666075e-01
8.457031250000000000e-01
8.579427083333331927e-01
8.585937500000000444e-01
8.579427083333331927e-01
8.458333333333334370e-01
8.481770833333331927e-01
8.499999999999999778e-01
8.458333333333334370e-01
8.522135416666667407e-01
8.502604166666667407e-01
8.486979166666666075e-01
8.533854166666665630e-01
8.507812500000000444e-01
8.477864583333332149e-01
8.476562500000000000e-01
8.444010416666667407e-01
8.391927083333333703e-01
8.417968750000000000e-01
8.481770833333331927e-01
8.423177083333331927e-01
8.470052083333333703e-01
8.447916666666668295e-01
8.470052083333333703e-01
8.444010416666666297e-01
8.485677083333331705e-01
8.462239583333334147e-01
8.394531250000000222e-01
