6.967447916666665853e-01
7.799479166666667407e-01
8.109374999999999778e-01
8.257812500000000222e-01
8.317708333333332371e-01
8.445312499999999556e-01
8.481770833333334147e-01
8.453125000000000222e-01
8.562499999999999556e-01
8.563802083333331705e-01
8.592447916666667851e-01
8.490885416666665853e-01
8.467447916666666075e-01
8.569010416666665853e-01
8.592447916666665630e-01
8.462239583333334147e-01
8.537760416666666519e-01
8.656249999999999778e-01
8.584635416666666075e-01
8.614583333333332149e-01
8.554687500000000000e-01
8.506510416666668295e-01
8.520833333333334147e-01
8.532552083333332371e-01
8.583333333333331705e-01
8.437500000000000000e-01
8.550781250000000222e-01
8.430989583333332593e-01
8.464843749999999556e-01
8.506510416666668295e-01
8.608072916666665853e-01
8.507812500000000444e-01
8.576822916666666519e-01
8.501302083333331927e-01
8.552083333333332371e-01
8.576822916666666519e-01
8.519531249999999778e-01
8.513020833333332371e-01
8.615885416666666519e-01
8.479166666666667629e-01
8.520833333333331927e-01
8.464843749999999556e-01
8.516927083333332149e-01
8.450520833333332593e-01
8.566406250000000444e-01
8.503906249999999556e-01
8.563802083333331705e-01
8.548177083333333703e-01
8.567708333333332593e-01
8.532552083333332371e-01
