8.361979166666666519e-01
9.164062499999999778e-01
9.231770833333333703e-01
9.324218749999999556e-01
9.315104166666667851e-01
9.375000000000000000e-01
9.326822916666668295e-01
9.347656250000000444e-01
9.351562500000000222e-01
9.352864583333333481e-01
9.371093750000000222e-01
9.321614583333334147e-01
9.338541666666667629e-01
9.382812499999999556e-01
9.369791666666668073e-01
9.421874999999999556e-01
9.308593750000000444e-01
9.328125000000000444e-01
9.248697916666668295e-01
9.312500000000000222e-01
9.313802083333332371e-01
9.332031250000000222e-01
9.338541666666667629e-01
9.319010416666667629e-01
9.333333333333332371e-01
9.386718750000000444e-01
9.386718750000000444e-01
9.320312499999999778e-01
9.351562500000000222e-01
9.268229166666668295e-01
9.326822916666668295e-01
9.291666666666668073e-01
9.358072916666667629e-01
9.308593750000000444e-01
9.269531250000000444e-01
9.335937500000000000e-01
9.337239583333332149e-01
9.305989583333331705e-01
9.282552083333331927e-01
9.217447916666665630e-01
9.389322916666665853e-01
9.339843749999999778e-01
9.260416666666666519e-01
9.285156249999999556e-01
9.330729166666668073e-01
9.261718749999999778e-01
9.321614583333331927e-01
9.332031250000000222e-01
9.294270833333332371e-01
9.231770833333332593e-01
