8.735677083333331927e-01
9.046874999999999778e-01
9.227864583333333925e-01
9.279947916666666519e-01
9.334635416666665630e-01
9.326822916666666075e-01
9.428385416666665853e-01
9.421874999999999556e-01
9.434895833333334370e-01
9.311197916666665853e-01
9.360677083333334147e-01
9.324218749999999556e-01
9.337239583333334370e-01
9.408854166666665853e-01
9.367187500000000444e-01
9.397135416666666519e-01
9.368489583333333703e-01
9.346354166666666075e-01
9.309895833333333703e-01
9.294270833333332371e-01
9.341145833333331927e-01
9.299479166666666519e-01
9.356770833333334370e-01
9.365885416666666075e-01
9.373697916666665630e-01
9.300781249999999778e-01
9.338541666666666519e-01
9.341145833333334147e-01
9.407552083333332593e-01
9.343749999999999556e-01
9.332031250000000222e-01
9.311197916666665853e-01
9.335937500000000000e-01
9.287760416666668295e-01
9.319010416666666519e-01
9.382812499999999556e-01
9.440104166666666297e-01
9.415364583333334370e-01
9.360677083333334147e-01
9.414062500000000000e-01
9.444010416666668295e-01
9.365885416666668295e-01
9.355468750000000000e-01
9.391927083333332371e-01
9.408854166666665853e-01
9.382812499999999556e-01
9.325520833333331705e-01
9.394531250000000000e-01
9.302083333333331927e-01
9.328125000000000444e-01
