5.773437500000000444e-01
6.932291666666665630e-01
7.369791666666667407e-01
7.617187500000000000e-01
7.570312499999999334e-01
7.651041666666665853e-01
7.723958333333333925e-01
7.804687500000000444e-01
7.776041666666666519e-01
7.820312499999999556e-01
7.885416666666666963e-01
7.859374999999999556e-01
7.908854166666665630e-01
7.885416666666666963e-01
7.927083333333333481e-01
7.934895833333333037e-01
7.846354166666666963e-01
7.864583333333332593e-01
7.833333333333333259e-01
7.874999999999999778e-01
7.877604166666666297e-01
7.984375000000000222e-01
7.940104166666668295e-01
7.984375000000001332e-01
7.971354166666667629e-01
7.921875000000000444e-01
7.984375000000001332e-01
7.958333333333332815e-01
7.901041666666667185e-01
7.888020833333333481e-01
7.914062499999999778e-01
7.963541666666666963e-01
7.955729166666666297e-01
7.947916666666666741e-01
7.992187499999998668e-01
7.942708333333332593e-01
7.966145833333333481e-01
7.992187499999998668e-01
7.963541666666665853e-01
7.953124999999998668e-01
7.916666666666667407e-01
7.867187499999999112e-01
7.968750000000001110e-01
7.927083333333333481e-01
7.945312500000000222e-01
7.890625000000000000e-01
7.919270833333333925e-01
8.049479166666667629e-01
7.932291666666666519e-01
7.934895833333334147e-01
