6.401041666666665853e-01
7.257812500000000444e-01
7.507812499999999556e-01
7.614583333333333481e-01
7.740885416666667407e-01
7.774739583333333259e-01
8.003906250000000222e-01
8.089843749999999778e-01
8.126302083333334370e-01
8.147135416666666519e-01
8.249999999999999556e-01
8.160156250000000222e-01
8.210937499999999556e-01
8.235677083333333703e-01
8.320312500000000000e-01
8.194010416666666075e-01
8.238281250000000222e-01
8.279947916666665630e-01
8.252604166666668295e-01
8.265624999999999778e-01
8.321614583333332149e-01
8.282552083333334370e-01
8.277343750000001332e-01
8.313802083333332593e-01
8.290364583333331705e-01
8.263020833333332149e-01
8.398437500000000000e-01
8.214843750000000444e-01
8.264322916666667629e-01
8.305989583333334147e-01
8.239583333333332371e-01
8.291666666666666075e-01
8.328124999999999556e-01
8.313802083333333703e-01
8.317708333333332371e-01
8.307291666666666297e-01
8.298177083333333481e-01
8.339843750000000000e-01
8.255208333333333703e-01
8.277343750000000222e-01
8.278645833333333481e-01
8.233072916666666075e-01
8.268229166666667407e-01
8.210937499999999556e-01
8.272135416666666075e-01
8.173177083333333925e-01
8.177083333333332593e-01
8.347656249999999556e-01
8.148437499999999778e-01
8.223958333333334370e-01
