5.919270833333333259e-01
6.958333333333331927e-01
7.257812500000000444e-01
7.489583333333332815e-01
7.518229166666666741e-01
7.614583333333333481e-01
7.656250000000000000e-01
7.708333333333333703e-01
7.807291666666666963e-01
7.723958333333333925e-01
7.880208333333333925e-01
7.851562500000001110e-01
7.765624999999999334e-01
7.895833333333333037e-01
7.848958333333333481e-01
7.755208333333334370e-01
7.802083333333332815e-01
7.895833333333331927e-01
7.874999999999999778e-01
7.822916666666667185e-01
7.927083333333333481e-01
7.843750000000000444e-01
7.809895833333333481e-01
7.843750000000000444e-01
7.890625000000000000e-01
7.960937500000000444e-01
7.984375000000000222e-01
7.817708333333334147e-01
7.822916666666666075e-01
7.994791666666666297e-01
7.960937500000000444e-01
7.794270833333334370e-01
7.867187500000000222e-01
7.859374999999999556e-01
7.888020833333333481e-01
7.942708333333332593e-01
7.830729166666665630e-01
7.822916666666667185e-01
7.770833333333333481e-01
7.789062500000000222e-01
7.825520833333332593e-01
7.882812500000000444e-01
7.833333333333333259e-01
7.828124999999999112e-01
7.841145833333332815e-01
7.861979166666667185e-01
7.937499999999999556e-01
7.869791666666666741e-01
7.778645833333333037e-01
7.773437500000000000e-01
