6.917968749999998668e-01
7.865885416666665853e-01
8.184895833333334370e-01
8.268229166666666297e-01
8.332031250000000444e-01
8.330729166666668295e-01
8.438802083333332149e-01
8.475260416666665630e-01
8.592447916666667851e-01
8.488281250000000444e-01
8.549479166666668073e-01
8.571614583333333481e-01
8.479166666666667629e-01
8.475260416666667851e-01
8.632812500000000000e-01
8.545572916666668295e-01
8.595052083333334370e-01
8.651041666666667851e-01
8.578124999999999778e-01
8.587239583333333703e-01
8.574218750000000000e-01
8.537760416666667629e-01
8.549479166666668073e-01
8.587239583333333703e-01
8.618489583333331927e-01
8.569010416666668073e-01
8.602864583333331705e-01
8.694010416666667629e-01
8.638020833333331927e-01
8.622395833333331705e-01
8.592447916666667851e-01
8.536458333333332149e-01
8.524739583333333925e-01
8.516927083333332149e-01
8.709635416666665630e-01
8.579427083333331927e-01
8.445312499999999556e-01
8.574218750000000000e-01
8.527343750000000444e-01
8.605468750000000444e-01
8.449218750000000444e-01
8.412760416666665853e-01
8.434895833333332371e-01
8.528645833333332593e-01
8.471354166666668073e-01
8.539062499999999778e-01
8.532552083333332371e-01
8.554687500000000000e-01
8.626302083333333703e-01
8.545572916666668295e-01
