4.526041666666665853e-01
6.408854166666666519e-01
6.999999999999999556e-01
7.223958333333333481e-01
7.377604166666666963e-01
7.513020833333332593e-01
7.544270833333331927e-01
7.656250000000000000e-01
7.713541666666665630e-01
7.768229166666668073e-01
7.643229166666667407e-01
7.770833333333333481e-01
7.674479166666666741e-01
7.807291666666665853e-01
7.809895833333333481e-01
7.789062500000001332e-01
7.812500000000000000e-01
7.835937499999999778e-01
7.921875000000000444e-01
7.742187499999999556e-01
7.778645833333334147e-01
7.859374999999999556e-01
7.867187499999999112e-01
7.804687500000000444e-01
7.869791666666665630e-01
7.893229166666665408e-01
7.770833333333333481e-01
7.773437500000001110e-01
7.835937499999999778e-01
7.804687500000000444e-01
7.742187499999999556e-01
7.874999999999999778e-01
7.809895833333333481e-01
7.822916666666668295e-01
7.770833333333333481e-01
7.796874999999999778e-01
7.718749999999998668e-01
7.765625000000000444e-01
7.794270833333334370e-01
7.716145833333333259e-01
7.687500000000000444e-01
7.812500000000000000e-01
7.791666666666667851e-01
7.736979166666666519e-01
7.677083333333333259e-01
7.809895833333333481e-01
7.760416666666667407e-01
7.773437500000000000e-01
7.778645833333333037e-01
7.765625000000000444e-01
