5.458333333333333925e-01
6.820312499999998668e-01
7.434895833333332593e-01
7.442708333333333259e-01
7.598958333333334370e-01
7.640624999999998668e-01
7.700520833333334147e-01
7.679687499999999778e-01
7.661458333333333037e-01
7.781249999999999556e-01
7.783854166666666075e-01
7.833333333333333259e-01
7.828125000000000222e-01
7.843750000000000444e-01
7.843750000000000444e-01
7.880208333333332815e-01
7.768229166666666963e-01
7.736979166666666519e-01
7.828124999999999112e-01
7.744791666666666075e-01
7.731770833333333481e-01
7.838541666666667407e-01
7.781249999999999556e-01
7.716145833333333259e-01
7.776041666666666519e-01
7.752604166666665630e-01
7.781249999999999556e-01
7.757812499999999778e-01
7.786458333333332593e-01
7.721354166666667407e-01
7.776041666666666519e-01
7.776041666666666519e-01
7.687500000000000444e-01
7.781249999999999556e-01
7.799479166666667407e-01
7.726562500000000444e-01
7.851562500000000000e-01
7.770833333333333481e-01
7.877604166666667407e-01
7.768229166666665853e-01
7.796874999999999778e-01
7.851562500000000000e-01
7.755208333333333259e-01
7.815104166666667629e-01
7.739583333333334147e-01
7.809895833333333481e-01
7.815104166666666519e-01
7.869791666666665630e-01
7.815104166666666519e-01
7.872395833333333259e-01
