4.950520833333332815e-01
6.921875000000000666e-01
7.315104166666667185e-01
7.333333333333332815e-01
7.518229166666666741e-01
7.624999999999999556e-01
7.658854166666666519e-01
7.729166666666665853e-01
7.778645833333334147e-01
7.713541666666665630e-01
7.833333333333334370e-01
7.854166666666666519e-01
7.859375000000000666e-01
7.786458333333332593e-01
7.856770833333331927e-01
7.958333333333333925e-01
8.020833333333332593e-01
7.984375000000000222e-01
7.880208333333332815e-01
7.804687500000000444e-01
7.908854166666666741e-01
7.825520833333333703e-01
7.861979166666666075e-01
7.856770833333334147e-01
7.791666666666666741e-01
7.854166666666666519e-01
7.841145833333332815e-01
7.796874999999999778e-01
7.783854166666667185e-01
7.815104166666666519e-01
7.807291666666666963e-01
7.872395833333333259e-01
7.835937500000000888e-01
7.802083333333332815e-01
7.828125000000001332e-01
7.830729166666665630e-01
7.796874999999999778e-01
7.729166666666668073e-01
7.768229166666665853e-01
7.903645833333333703e-01
7.763020833333332815e-01
7.888020833333333481e-01
7.755208333333334370e-01
7.773437500000000000e-01
7.750000000000000222e-01
7.768229166666665853e-01
7.778645833333333037e-01
7.739583333333333037e-01
7.736979166666666519e-01
7.763020833333332815e-01
