6.841145833333333037e-01
7.506510416666667407e-01
7.576822916666666741e-01
7.834635416666666519e-01
7.860677083333332815e-01
8.072916666666667407e-01
8.028645833333334370e-01
8.084635416666665630e-01
8.151041666666666297e-01
8.139322916666665853e-01
8.242187500000000000e-01
8.309895833333333925e-01
8.200520833333333481e-01
8.290364583333331705e-01
8.328124999999999556e-01
8.270833333333333925e-01
8.375000000000000222e-01
8.256510416666665853e-01
8.266927083333334147e-01
8.218750000000000222e-01
8.307291666666666297e-01
8.285156249999999778e-01
8.230468749999999556e-01
8.290364583333333925e-01
8.253906250000000444e-01
8.289062499999999556e-01
8.260416666666667851e-01
8.257812500000000222e-01
8.302083333333334370e-01
8.143229166666665630e-01
8.183593750000000000e-01
8.186197916666666519e-01
8.294270833333333703e-01
8.339843750000000000e-01
8.205729166666666519e-01
8.279947916666667851e-01
8.333333333333333703e-01
8.191406249999999556e-01
8.270833333333333925e-01
8.220052083333333481e-01
8.255208333333333703e-01
8.223958333333334370e-01
8.255208333333333703e-01
8.216145833333333703e-01
8.145833333333334370e-01
8.291666666666668295e-01
8.247395833333334147e-01
8.140625000000000222e-01
8.218750000000000222e-01
8.230468749999999556e-01
