5.854848588080633576e+00
5.851053183741038666e+00
5.848924441470041202e+00
5.847268788417180119e+00
5.846222327815161712e+00
5.845413075344903397e+00
5.844725010905946760e+00
5.844190919456027089e+00
5.843559285496907840e+00
5.843053988653516662e+00
5.842676104099031598e+00
5.842320852014752930e+00
5.841991431334662366e+00
5.841641809183453660e+00
5.841315563065665017e+00
5.840954770341753033e+00
5.840707526509723024e+00
5.840486502685243053e+00
5.840303997823170334e+00
5.840106183176949628e+00
5.839934099477434692e+00
5.839814553639245176e+00
5.839695469878969369e+00
5.839505478049082043e+00
5.839514498899854189e+00
5.839345670408673250e+00
5.839247286527876390e+00
5.839280982036439305e+00
5.839243219882722435e+00
5.839188809111004907e+00
5.839121156684935698e+00
5.838994803939547396e+00
5.839009937785919924e+00
5.838888495422544622e+00
5.838868410265634523e+00
5.838856253150909836e+00
5.838893678169401191e+00
5.838915047323893326e+00
5.838779302513789737e+00
5.838737246517151647e+00
5.838802367543417304e+00
5.838705726010458896e+00
5.838704097952161831e+00
5.838706920468618833e+00
5.838603612525123054e+00
5.838623686650443290e+00
5.838612529739501511e+00
5.838635159163248822e+00
5.838574421670702286e+00
5.838537000985372316e+00
