5.852928568351836169e+00
5.848136806677258548e+00
5.846113157064195320e+00
5.844846750384284917e+00
5.843916349732686477e+00
5.843235451948074477e+00
5.842718897641651310e+00
5.842371867800514984e+00
5.842020902633667134e+00
5.841705642654781983e+00
5.841537676784727573e+00
5.841216233192929153e+00
5.841046242127342580e+00
5.840744274968193039e+00
5.840563836022028887e+00
5.840405161021248404e+00
5.840308503801860063e+00
5.840136567127136580e+00
5.840057469738853868e+00
5.839854797068095849e+00
5.839723970208849479e+00
5.839672813472294166e+00
5.839540428661164739e+00
5.839472803520777688e+00
5.839348815812005711e+00
5.839383818440967211e+00
5.839284550708436328e+00
5.839275531541733955e+00
5.839121082207513247e+00
5.839106102670942100e+00
5.839130002771105055e+00
5.839082064079859968e+00
5.838989401601609508e+00
5.838959843241978476e+00
5.839013137420018928e+00
5.838915193553955163e+00
5.838892148127632353e+00
5.838833348675379398e+00
5.838811718698531550e+00
5.838780333503843956e+00
5.838788299863301390e+00
5.838659612262059539e+00
5.838715944517226752e+00
5.838665855271475635e+00
5.838720548455676784e+00
5.838646213932642937e+00
5.838664666206118348e+00
5.838648197045402277e+00
5.838548611970174385e+00
5.838559564957543024e+00
