5.856300578817487335e+00
5.851576622989442811e+00
5.849353347222010946e+00
5.847568570072688487e+00
5.846474512172123106e+00
5.845667895192191210e+00
5.844890359375211730e+00
5.844318171512513871e+00
5.843682188306535963e+00
5.843149957600094702e+00
5.842754679047872379e+00
5.842383391951758043e+00
5.841941402923493065e+00
5.841657142582393547e+00
5.841431920906853037e+00
5.840997565625206001e+00
5.840849056641260084e+00
5.840593870878217686e+00
5.840436770840296887e+00
5.840248514016468384e+00
5.840001732886784147e+00
5.839936520731638048e+00
5.839820885166288278e+00
5.839740645904390348e+00
5.839568152238451049e+00
5.839545574585597087e+00
5.839446570494818189e+00
5.839417911805803385e+00
5.839271610331913998e+00
5.839215815313279379e+00
5.839166519831096913e+00
5.839129558328598257e+00
5.839056367420015548e+00
5.838901764816709417e+00
5.838947654262421239e+00
5.838924251662360732e+00
5.838807777620497852e+00
5.838823712382998465e+00
5.838771358387811361e+00
5.838788547951077490e+00
5.838882384886817434e+00
5.838775208166667952e+00
5.838775328549128396e+00
5.838707727137066428e+00
5.838725155364899777e+00
5.838642268370067612e+00
5.838717613125604444e+00
5.838611029594664714e+00
5.838570149985571334e+00
5.838564493958910973e+00
