5.851748036392151242e+00
5.847203839109058165e+00
5.845164932636986777e+00
5.844156936028647387e+00
5.843257458512745472e+00
5.842628732200653374e+00
5.842130431996451101e+00
5.841742170386845068e+00
5.841313829762595056e+00
5.841142916584772138e+00
5.840770245487727053e+00
5.840501776649839272e+00
5.840418711087059123e+00
5.840128769855651214e+00
5.840065838268825082e+00
5.839900414167888520e+00
5.839677535976681710e+00
5.839647270554587877e+00
5.839423171092592568e+00
5.839404870933956104e+00
5.839353493357462455e+00
5.839226539362044832e+00
5.839166083014200481e+00
5.839089377645461987e+00
5.838948427949633313e+00
5.838954018713935490e+00
5.838869889406931080e+00
5.838814344860258743e+00
5.838827459736476655e+00
5.838812457247386511e+00
5.838715643390775867e+00
5.838678500084649947e+00
5.838688228054651930e+00
5.838611785078805738e+00
5.838615154463147938e+00
5.838514615808214181e+00
5.838545704398836023e+00
5.838490303868338671e+00
5.838608134379462022e+00
5.838537813652129316e+00
5.838526583058493813e+00
5.838460670596076874e+00
5.838421163331894981e+00
5.838427542656186908e+00
5.838407207784198860e+00
5.838360107455934589e+00
5.838293463767520564e+00
5.838356603043420634e+00
5.838306457163795926e+00
5.838291074907969502e+00
