5.852243788736034347e+00
5.847949760584604917e+00
5.846335204399336405e+00
5.844926388430559783e+00
5.844167891346875088e+00
5.843554394869576285e+00
5.842917700410749759e+00
5.842411978231019098e+00
5.841964522816918581e+00
5.841755059116330528e+00
5.841316342861277988e+00
5.841160942775345255e+00
5.840788229891404448e+00
5.840695829455126109e+00
5.840350444423516585e+00
5.840221796794371478e+00
5.840102081054561189e+00
5.839912728890023885e+00
5.839652496430092654e+00
5.839683569638760119e+00
5.839426306745878925e+00
5.839428615260433553e+00
5.839357357976412644e+00
5.839250497031865272e+00
5.839211445513569743e+00
5.839075810947115919e+00
5.839071501651711849e+00
5.838999084881030477e+00
5.838927163026720990e+00
5.838894670341610471e+00
5.838859228430716364e+00
5.838846888583459460e+00
5.838728641268150277e+00
5.838687332135774177e+00
5.838666220204999036e+00
5.838713738825414445e+00
5.838690987035827007e+00
5.838572279784242980e+00
5.838525153616978436e+00
5.838557507654632772e+00
5.838523346968370831e+00
5.838490286000707741e+00
5.838466949775965809e+00
5.838458759684927557e+00
5.838417503998909908e+00
5.838446430511460505e+00
5.838444845931009652e+00
5.838448208665090178e+00
5.838377110507408929e+00
5.838364928608160476e+00
