5.859407016966078352e+00
5.853731673955917536e+00
5.850955162445704794e+00
5.848835633198421036e+00
5.847259723477894688e+00
5.846280380090076889e+00
5.845310303899977633e+00
5.844587785005569636e+00
5.843934212790595772e+00
5.843434841765298593e+00
5.842949593067169545e+00
5.842507207393646596e+00
5.842073612080679545e+00
5.841725234190622729e+00
5.841447205013698962e+00
5.841142488188214799e+00
5.840936489899953621e+00
5.840653335385852074e+00
5.840533325407240461e+00
5.840314342578251328e+00
5.840160262584686457e+00
5.840033823251723710e+00
5.839824322859445971e+00
5.839745018879572314e+00
5.839699603451623311e+00
5.839591985278659081e+00
5.839564821455214272e+00
5.839439955684873951e+00
5.839356311824586143e+00
5.839282025231255169e+00
5.839285231298870116e+00
5.839180254273944826e+00
5.839175142182244649e+00
5.839157850212520984e+00
5.839122055636511988e+00
5.839060878091387963e+00
5.839043891429900768e+00
5.838986341820822545e+00
5.838915501700506994e+00
5.838939140902625446e+00
5.838870661126242645e+00
5.838891508181890622e+00
5.838857154051462217e+00
5.838818475935194208e+00
5.838822098573048791e+00
5.838854389720493643e+00
5.838781121042039501e+00
5.838731439246072519e+00
5.838722383313708519e+00
5.838746463590198665e+00
