5.846583429480356031e+00
5.842756310625683014e+00
5.841266162073801560e+00
5.840249558233079341e+00
5.839646268288293918e+00
5.839209048729093965e+00
5.838871300580009027e+00
5.838748856972133972e+00
5.838655327180075183e+00
5.838390355753519501e+00
5.838330409734966864e+00
5.838265171297012834e+00
5.838154184458748119e+00
5.838133235810294863e+00
5.838087357358326734e+00
5.838030446010923136e+00
5.838014351053844031e+00
5.837947441623323463e+00
5.837936332925917959e+00
5.837880771443957784e+00
5.837930912763352964e+00
5.837883153756459720e+00
5.837880945773351371e+00
5.837834919558630986e+00
5.837819168283825633e+00
5.837831406914999022e+00
5.837790153196880105e+00
5.837772390047708981e+00
5.837779060942786202e+00
5.837746879051601390e+00
5.837737125233998015e+00
5.837729769642391098e+00
5.837768162905224045e+00
5.837746398127268144e+00
5.837743079965076909e+00
5.837690772045226240e+00
5.837711540157833667e+00
5.837663663360807220e+00
5.837665989342189832e+00
5.837667036207895066e+00
5.837660668274713416e+00
5.837648753268377178e+00
5.837652754897163732e+00
5.837665959634477986e+00
5.837660016143132680e+00
5.837622475037498759e+00
5.837673261827893256e+00
5.837615671271369600e+00
5.837659476143973514e+00
5.837603160956549075e+00
