5.852421435590773768e+00
5.848363662617546588e+00
5.845952384585426209e+00
5.844586332544448481e+00
5.843560904415827650e+00
5.842927960687213762e+00
5.842381597189676867e+00
5.841910033434156269e+00
5.841535299713649820e+00
5.841208221287955027e+00
5.840926516302048732e+00
5.840676403291642060e+00
5.840476321568564444e+00
5.840347426372860085e+00
5.840045885453148955e+00
5.839917309492354214e+00
5.839746403713074407e+00
5.839598192714509750e+00
5.839474906524023012e+00
5.839388567076789549e+00
5.839301490613392431e+00
5.839163430115533515e+00
5.839086333134817508e+00
5.839103754096560905e+00
5.839009931901144590e+00
5.838922881739479820e+00
5.838906970383629158e+00
5.838813738406651410e+00
5.838914075597884334e+00
5.838741432087761751e+00
5.838757543507076875e+00
5.838749284782107196e+00
5.838695646524429961e+00
5.838664681684403668e+00
5.838598169902014412e+00
5.838611787595445968e+00
5.838537287731019987e+00
5.838507176921481800e+00
5.838522572006498379e+00
5.838444540538485050e+00
5.838433455834312724e+00
5.838458400491684408e+00
5.838523747183026913e+00
5.838364392367620503e+00
5.838376776263827672e+00
5.838435507747862019e+00
5.838419847810079055e+00
5.838410604000091375e+00
5.838394663693412312e+00
5.838355408055440954e+00
