5.851752418487790486e+00
5.847699383270172468e+00
5.845687717823755847e+00
5.844585622757200838e+00
5.843534303657593298e+00
5.842869454338436519e+00
5.842334656261263248e+00
5.841915969413423504e+00
5.841482753829351005e+00
5.841230458153618521e+00
5.840988939641014177e+00
5.840646318878445875e+00
5.840410313076443316e+00
5.840191427052966233e+00
5.840052139456309632e+00
5.839965717792511057e+00
5.839749644256773564e+00
5.839551697931591789e+00
5.839443872902128518e+00
5.839337891945762138e+00
5.839347145879079548e+00
5.839292052719327941e+00
5.839157261034799262e+00
5.839070644265129673e+00
5.838998018711332172e+00
5.838971637828008987e+00
5.838941233801462793e+00
5.838907577877953337e+00
5.838796618230759350e+00
5.838759411743708050e+00
5.838712020828610960e+00
5.838778306813466656e+00
5.838706099078768474e+00
5.838767178266768276e+00
5.838615699344211762e+00
5.838615579283427337e+00
5.838536305332941545e+00
5.838506847676777411e+00
5.838550095577089039e+00
5.838513611876775755e+00
5.838509849801895690e+00
5.838471949516780057e+00
5.838435012121048651e+00
5.838408658144965457e+00
5.838416207669273383e+00
5.838367312995214498e+00
5.838429887824587716e+00
5.838336867188650636e+00
5.838317675230994652e+00
5.838305418926571733e+00
