5.851815346630791836e+00
5.847503345353262993e+00
5.845538421831434128e+00
5.844336511653566824e+00
5.843418186070427289e+00
5.842875269159438112e+00
5.842258795878243482e+00
5.841829086523206982e+00
5.841404900361622410e+00
5.841173287346249410e+00
5.840848604119012855e+00
5.840592984528768739e+00
5.840407377954513812e+00
5.840281427568859485e+00
5.840175539747116673e+00
5.839869461967831299e+00
5.839654685448087079e+00
5.839636540053382063e+00
5.839502116290350209e+00
5.839336817094258336e+00
5.839303688643470380e+00
5.839260363768017825e+00
5.839121525628225839e+00
5.839030176363293911e+00
5.839042476339946219e+00
5.838971575574269934e+00
5.838844201962152702e+00
5.838879802454085777e+00
5.838787355271596979e+00
5.838739372359381896e+00
5.838700358791957257e+00
5.838726288610034842e+00
5.838620307899657469e+00
5.838599202595059268e+00
5.838622750270934247e+00
5.838577638523919866e+00
5.838560246588691882e+00
5.838519370707254907e+00
5.838497497619144383e+00
5.838401392490145447e+00
5.838471406357628624e+00
5.838411513529125685e+00
5.838394320540958304e+00
5.838391801554059235e+00
5.838357286850611061e+00
5.838352763709568016e+00
5.838363408228707030e+00
5.838323714960188759e+00
5.838307958765635242e+00
5.838272757378835998e+00
