5.855107331344748367e+00
5.850386350564282800e+00
5.847474408777588728e+00
5.846130452321204984e+00
5.845016848997979686e+00
5.844164305091076095e+00
5.843475451553710620e+00
5.843011488525726271e+00
5.842479583737138604e+00
5.841988903395884947e+00
5.841645801488799528e+00
5.841321234192166756e+00
5.841166494866298464e+00
5.840876935372966372e+00
5.840567850412916151e+00
5.840500211388861551e+00
5.840279368722938180e+00
5.840003300831260624e+00
5.839922702269464416e+00
5.839765325468167845e+00
5.839669133032555415e+00
5.839526450702810401e+00
5.839415123056712176e+00
5.839349930050740767e+00
5.839296779617086486e+00
5.839141814137605913e+00
5.839097125413268863e+00
5.839063888418381865e+00
5.839022646511099701e+00
5.838943696409076622e+00
5.838936387047622745e+00
5.838822491086405719e+00
5.838697751629747579e+00
5.838705934556188026e+00
5.838721272560081665e+00
5.838671287029852053e+00
5.838582886727513355e+00
5.838562811203677150e+00
5.838634765509402413e+00
5.838581503031057274e+00
5.838549172198790771e+00
5.838527196189884805e+00
5.838471637745784371e+00
5.838426004799585733e+00
5.838399911451476854e+00
5.838412135400814051e+00
5.838409336235960367e+00
5.838372835332010347e+00
5.838416264428720304e+00
5.838363809812636696e+00
