5.852112678459712392e+00
5.847500429683261558e+00
5.845605181342079071e+00
5.844135551074193913e+00
5.843393700709418326e+00
5.842721218797896299e+00
5.842052380603456996e+00
5.841578182265871888e+00
5.841281185433978784e+00
5.840921873667884512e+00
5.840642108179273428e+00
5.840366624063916490e+00
5.840135931949767212e+00
5.839935617617198815e+00
5.839783526526557189e+00
5.839674594269858687e+00
5.839505331989317760e+00
5.839423845325197426e+00
5.839267742728429411e+00
5.839173100751543721e+00
5.839080835051007945e+00
5.838997081669550226e+00
5.838960908518896709e+00
5.838857484034130074e+00
5.838852031079549754e+00
5.838774374439603676e+00
5.838780813557761462e+00
5.838684356837045009e+00
5.838642179209087679e+00
5.838638305342387369e+00
5.838591891546097479e+00
5.838573086602346862e+00
5.838588398543615554e+00
5.838526643287567097e+00
5.838540867661673239e+00
5.838435700488469493e+00
5.838458784459129802e+00
5.838428321679433708e+00
5.838369050536837079e+00
5.838401736777926843e+00
5.838434013222890684e+00
5.838369199889046790e+00
5.838393419564716247e+00
5.838352454711520423e+00
5.838343146471750345e+00
5.838260047662826580e+00
5.838282503230230347e+00
5.838304357263777611e+00
5.838303962624261878e+00
5.838289728221439212e+00
