5.856904924729514406e+00
5.852392481224877763e+00
5.850015092671863037e+00
5.848174651312450401e+00
5.846989703746069189e+00
5.846045721390891181e+00
5.845205292834175559e+00
5.844586428176789639e+00
5.844066392486057637e+00
5.843609856972618033e+00
5.843164025450509058e+00
5.842790880884441762e+00
5.842338943670666751e+00
5.842217752914580231e+00
5.841801431576411296e+00
5.841544488025091297e+00
5.841181143730405978e+00
5.841012837394836232e+00
5.840785819651589605e+00
5.840623556583646625e+00
5.840537932675982091e+00
5.840318664898947354e+00
5.840162136157353245e+00
5.840005902297912499e+00
5.839907424090400312e+00
5.839770916965272285e+00
5.839725878919873381e+00
5.839729894134732646e+00
5.839530730474562503e+00
5.839502196595781847e+00
5.839327431898267307e+00
5.839347648942281310e+00
5.839271184338463705e+00
5.839337219075551033e+00
5.839127955001496950e+00
5.839148471147295183e+00
5.839121656815212447e+00
5.839056981972285953e+00
5.838972581927738936e+00
5.839041715803600319e+00
5.838914176906857989e+00
5.838905230382132494e+00
5.838916727682900820e+00
5.838816888162067897e+00
5.838908004533676532e+00
5.838859240535706263e+00
5.838870633745950833e+00
5.838816525973971494e+00
5.838793813765995822e+00
5.838786006087348213e+00
