5.852490448516513233e+00
5.848546412010041884e+00
5.846390426121060635e+00
5.845059636850205464e+00
5.844091263631034039e+00
5.843516975622328857e+00
5.842936108320477828e+00
5.842415516944158504e+00
5.841910124884710953e+00
5.841747486875171091e+00
5.841286034962488216e+00
5.841051879288658100e+00
5.840858187883618768e+00
5.840648320724094233e+00
5.840465479294459250e+00
5.840299995740254602e+00
5.840080629435796311e+00
5.839976996826747424e+00
5.839885046709151872e+00
5.839722052850421008e+00
5.839669464050777137e+00
5.839547319223010291e+00
5.839503326699847285e+00
5.839345686568154115e+00
5.839244584677712346e+00
5.839195290595766252e+00
5.839152623225771777e+00
5.839094505347903308e+00
5.839026380474605205e+00
5.838993974640255935e+00
5.839002043084493110e+00
5.838897058433956566e+00
5.838890303221959677e+00
5.838789192759802127e+00
5.838824199551627459e+00
5.838792308285123411e+00
5.838786357149245099e+00
5.838743852187716854e+00
5.838674087259503764e+00
5.838635922443298654e+00
5.838581936548626672e+00
5.838606155448490043e+00
5.838560241896009195e+00
5.838564242862519293e+00
5.838534345286232607e+00
5.838505904731296603e+00
5.838506009143496378e+00
5.838495185715811608e+00
5.838417824847357274e+00
5.838438411364479386e+00
