5.853117370264870445e+00
5.847925744454066432e+00
5.845664120307044520e+00
5.844219293310528585e+00
5.843248091273837375e+00
5.842595658586139606e+00
5.842082505907331580e+00
5.841654223544257007e+00
5.841229267877245945e+00
5.840849655658479023e+00
5.840619318920468928e+00
5.840448988997747115e+00
5.840181693898307103e+00
5.840013961602771531e+00
5.839777034294038494e+00
5.839632872475517544e+00
5.839547215000030711e+00
5.839427029935139402e+00
5.839380037633199905e+00
5.839207908785532197e+00
5.839117215133848404e+00
5.839096787827355861e+00
5.838993265515282971e+00
5.838945096674420299e+00
5.838931561973359941e+00
5.838868473768234146e+00
5.838741543141622969e+00
5.838764567204884237e+00
5.838662158780627109e+00
5.838649127464446309e+00
5.838608093432017476e+00
5.838629888144750701e+00
5.838521086223542156e+00
5.838501837632013469e+00
5.838523935722927050e+00
5.838509194245414591e+00
5.838527335590787182e+00
5.838449692745057540e+00
5.838472052301679760e+00
5.838438731545493532e+00
5.838449464147053014e+00
5.838424087195170031e+00
5.838374697272739944e+00
5.838349503203043689e+00
5.838331889368238770e+00
5.838284459568205520e+00
5.838313453746220461e+00
5.838268616634701758e+00
5.838221662763564801e+00
5.838215024868647518e+00
