5.854222878431000865e+00
5.848972584941514619e+00
5.846753225044426294e+00
5.845412109656767718e+00
5.844316200905548264e+00
5.843614486973694788e+00
5.843060782753888738e+00
5.842465911446539373e+00
5.841976519786951094e+00
5.841524584305406442e+00
5.841162748357435319e+00
5.840810711413062961e+00
5.840582567677009784e+00
5.840356073527452452e+00
5.840143210753732994e+00
5.839972190647070072e+00
5.839813496032662421e+00
5.839676804700799195e+00
5.839492583257639424e+00
5.839448389888325153e+00
5.839372409310347400e+00
5.839203476019923400e+00
5.839153886305821217e+00
5.839021777745449171e+00
5.839016651961022930e+00
5.838888999325200224e+00
5.838851250809164561e+00
5.838829065229297122e+00
5.838736512022789427e+00
5.838762603495888825e+00
5.838664616031563170e+00
5.838655498232503405e+00
5.838632533534781288e+00
5.838632254029421098e+00
5.838535140835360515e+00
5.838576258114750672e+00
5.838487109735414293e+00
5.838473995758858059e+00
5.838498190625921680e+00
5.838389569176911209e+00
5.838394800718728739e+00
5.838359120896712717e+00
5.838352031607993098e+00
5.838358838578839638e+00
5.838297356164128260e+00
5.838317274083995478e+00
5.838378854472227708e+00
5.838292077876101160e+00
5.838319183711881522e+00
5.838353122218174818e+00
