5.853764789974880145e+00
5.850018947748911735e+00
5.848025727499098991e+00
5.846585862750099061e+00
5.845741209964903540e+00
5.844943565508676109e+00
5.844264697252758545e+00
5.843696350881032231e+00
5.843191316714362316e+00
5.842853655171772687e+00
5.842422398726145438e+00
5.842062966028849225e+00
5.841670468591507515e+00
5.841393339293343701e+00
5.841106523975493126e+00
5.840889462535343135e+00
5.840677005714840497e+00
5.840398967379615058e+00
5.840095849131780703e+00
5.840078367203002330e+00
5.839904052586782690e+00
5.839729070852673232e+00
5.839642842989119842e+00
5.839483423857461553e+00
5.839397108800826963e+00
5.839420235043481178e+00
5.839375052206100314e+00
5.839165688431451784e+00
5.839105076014049267e+00
5.839035386736430411e+00
5.839088184833526540e+00
5.839040310931585154e+00
5.838882561638241597e+00
5.838885440693961648e+00
5.838820997987474115e+00
5.838884430385770763e+00
5.838780285441687035e+00
5.838787428273095159e+00
5.838700245429598645e+00
5.838702041364851603e+00
5.838642437476961433e+00
5.838585609708512258e+00
5.838631008371474529e+00
5.838608465346078802e+00
5.838533547813930191e+00
5.838592337086087269e+00
5.838555865287780478e+00
5.838558383158274800e+00
5.838505844748210549e+00
5.838529737885036930e+00
