5.853190199284670214e+00
5.848185098730296794e+00
5.845961765379444230e+00
5.845028381120590311e+00
5.843845756521817592e+00
5.843163204021095680e+00
5.842669836181238807e+00
5.842287123005455385e+00
5.841822062864964415e+00
5.841396295439457376e+00
5.841113059431272347e+00
5.840853123248569645e+00
5.840586904194448259e+00
5.840429327764896428e+00
5.840193694167666649e+00
5.840023460524077947e+00
5.839817426137594580e+00
5.839781407652823830e+00
5.839769057002762942e+00
5.839478819315223390e+00
5.839406355419887618e+00
5.839372527358507980e+00
5.839337354253379964e+00
5.839171293726215239e+00
5.839090804362193410e+00
5.839026863165576842e+00
5.839089496758420594e+00
5.838854874238306181e+00
5.838926149283308220e+00
5.838779981148364051e+00
5.838785694705116214e+00
5.838784988618000327e+00
5.838722278416415001e+00
5.838778564991889297e+00
5.838642805866347985e+00
5.838689907718702443e+00
5.838597520149460429e+00
5.838659708298645334e+00
5.838585949554759402e+00
5.838533796066846193e+00
5.838587882327827216e+00
5.838487487928175845e+00
5.838534901935128474e+00
5.838422592274554290e+00
5.838438122157238119e+00
5.838419210411942117e+00
5.838457768501828404e+00
5.838416680740931675e+00
5.838443544992981238e+00
5.838426226575309741e+00
