5.855737852233140472e+00
5.850223652478764969e+00
5.847608495764918146e+00
5.846200715945052195e+00
5.845109189072728029e+00
5.844325194102516718e+00
5.843618147343955904e+00
5.843033481573129961e+00
5.842576989836851808e+00
5.842142014783869186e+00
5.841766439432017677e+00
5.841403951041110432e+00
5.841158753177648322e+00
5.841017626348511627e+00
5.840660499563121277e+00
5.840455211782868972e+00
5.840362395077383972e+00
5.840115931772049684e+00
5.839995154080453332e+00
5.839823803352930831e+00
5.839717274852645801e+00
5.839613015973379007e+00
5.839527034467089095e+00
5.839290090522380794e+00
5.839302066832909865e+00
5.839179545271104388e+00
5.839201503501826096e+00
5.839076365958388415e+00
5.838987422178662179e+00
5.838977132748387255e+00
5.838956426602250005e+00
5.838904214963251960e+00
5.838877042934491612e+00
5.838809420536090755e+00
5.838847911676114499e+00
5.838798077359344418e+00
5.838672022592453104e+00
5.838654074954436446e+00
5.838628632612902436e+00
5.838648820095420078e+00
5.838585873419072314e+00
5.838588394102080414e+00
5.838541936676567623e+00
5.838527787729431040e+00
5.838515410158369612e+00
5.838545051634225658e+00
5.838477968111699390e+00
5.838514799842930536e+00
5.838403096291925998e+00
5.838509095747233424e+00
