5.845286698246759727e+00
5.841945837755051052e+00
5.840689657964404091e+00
5.840092628607673753e+00
5.839476693565883281e+00
5.839247403750343679e+00
5.838952273981911745e+00
5.838768061683291322e+00
5.838621523720878059e+00
5.838381282980479980e+00
5.838313133394906984e+00
5.838244677327928400e+00
5.838174252112706242e+00
5.838113848708924358e+00
5.838069224206227759e+00
5.838034071827690852e+00
5.837999293312194027e+00
5.837952805889977448e+00
5.837895071582188677e+00
5.837924690606102196e+00
5.837900376830782889e+00
5.837845959076806146e+00
5.837835118675989143e+00
5.837799050807952916e+00
5.837819511928254101e+00
5.837812385975367668e+00
5.837735329961018849e+00
5.837774383946070955e+00
5.837762885774884225e+00
5.837759584226306586e+00
5.837709311284716485e+00
5.837731305228338385e+00
5.837701675059302708e+00
5.837678008533659479e+00
5.837666798678656122e+00
5.837674949017781501e+00
5.837690143944724852e+00
5.837640368086950637e+00
5.837653040829158257e+00
5.837655446472622245e+00
5.837629081294649858e+00
5.837648579147126426e+00
5.837588400746149375e+00
5.837631049250799897e+00
5.837633635865318027e+00
5.837614565103772968e+00
5.837623478401274824e+00
5.837633549145289535e+00
5.837609168877676780e+00
5.837623841970685845e+00
