5.857711199276030456e+00
5.852228700490224256e+00
5.849674589633941935e+00
5.848029962399649229e+00
5.846993987162908191e+00
5.846288188866206603e+00
5.845560749977353865e+00
5.844863287002321606e+00
5.844279568895460741e+00
5.843801387434913508e+00
5.843368314428935228e+00
5.842942625435571635e+00
5.842511989918967252e+00
5.842224714434335553e+00
5.841951498323016523e+00
5.841603439970621814e+00
5.841347180131881700e+00
5.841224335545586399e+00
5.841046815713246687e+00
5.840739109421532405e+00
5.840585283192377020e+00
5.840418875387737074e+00
5.840244963320475158e+00
5.840197484058046840e+00
5.840042033990224368e+00
5.839888377605922720e+00
5.839783150619930474e+00
5.839777846279598172e+00
5.839720638933636465e+00
5.839642865525351390e+00
5.839536714667366013e+00
5.839410970721925942e+00
5.839488938498118564e+00
5.839399753695443174e+00
5.839274890044380051e+00
5.839235085532779479e+00
5.839335628861472394e+00
5.839228009401805863e+00
5.839159665599701121e+00
5.839204100105497730e+00
5.839123135805129650e+00
5.839170476141430477e+00
5.839073492231824147e+00
5.839156513989918196e+00
5.839056059273462829e+00
5.838985243373445932e+00
5.838998731317974311e+00
5.838945188389883967e+00
5.838955114095929488e+00
5.838917324145635135e+00
