5.858827917954277709e+00
5.853516001474289077e+00
5.850694942077001137e+00
5.848738090348621910e+00
5.847585313320159628e+00
5.846584985142664337e+00
5.845831154887639158e+00
5.845125237003204077e+00
5.844623661817065496e+00
5.844100940965470947e+00
5.843623761090020352e+00
5.843188430846683268e+00
5.842788172695372317e+00
5.842355985111661099e+00
5.842157667345469818e+00
5.841906179435669699e+00
5.841536039076155262e+00
5.841255941485601788e+00
5.841046902471118685e+00
5.840817240476607886e+00
5.840682973407563594e+00
5.840430679699730732e+00
5.840315334172475836e+00
5.840225401586957688e+00
5.840019864487270063e+00
5.839847164778482203e+00
5.839735275204220422e+00
5.839725364919692296e+00
5.839655296688987640e+00
5.839509251325849526e+00
5.839446680545806956e+00
5.839417876440380795e+00
5.839280543440863447e+00
5.839098607547699160e+00
5.839171603823465340e+00
5.839091395593824174e+00
5.839097917534056492e+00
5.839050972499544301e+00
5.839025878452118512e+00
5.838995201171390370e+00
5.838941786213526441e+00
5.838842652260310295e+00
5.838970818708812516e+00
5.838932532545119791e+00
5.838930470678540985e+00
5.838799632901237047e+00
5.838743866946961347e+00
5.838823190662596474e+00
5.838800689417218415e+00
5.838719256340511699e+00
